$ANSIBLE_VAULT;1.1;AES256
31623331356239643637353333633564323734633837646534633433623265303635663963643435
3338666436316665653537343065393936306336393966300a666631373639643134633664386234
39373862303534333932623231346635343439623831633364303737373864343737386661643136
6266323365656639350a373331663336316133353239343632366666616334363636363366353664
36643236643165623761626666656264623865633261303465303133356363376664323631636134
32333164333466303633373134653332326463373932323435366134303235636261653835623035
66666139353637313936653035383432333330383333353163643364373333313933333033396664
33386237356137613337393730336236616533303338393763396363663363306563323834303537
66633166643633653263376335336533306433373633353937336334313939346639366165616664
38353035356261666563323031346365653164346130376563336432386466653034386538643038
61666435323861636136323661303739323830333163653132643437636334303731343636313236
34356332653566393234303561356366393432666538316431356535666462633066653463313434
30653563653032356165333461313661646536373135313465313963643731316539
